类目编号	上级类目编号
50017853	50017847
50017855	50017847
50017854	50017847
50017849	50017847
50017848	50017847
50017851	50017847
50017850	50017847
50017088	50017847
50017856	50017847
50022920	50022918
50022922	50022918
50022924	50022918
50022926	50022918
50024445	50022918
50017163	50022918
50023159	50022918
50023160	50022918
50022942	50022940
50023133	50022940
50023132	50022940
50023134	50022940
50022944	50022940
50017172	50022940
50022930	50022928
50022932	50022928
50023138	50022928
50023139	50022928
50023137	50022928
50017154	50022928
50023125	50022934
50022936	50022934
50023124	50022934
50023127	50022934
50022938	50022934
50023126	50022934
50023123	50022934
50017156	50022934
50022959	50022956
50022958	50022956
50017176	50022956
50022954	50022946
50022952	50022946
50022950	50022946
50022948	50022946
50017174	50022946
50012912	50017087
50270001	50264001
50272001	50264001
50268001	50264001
50268002	50264001
50266001	50264001
50266002	50264001
50276001	50264001
50022976	50022971
50022974	50022971
50022975	50022971
50017179	50022971
50017177	50022961
50022964	50022961
50022970	50022961
50022967	50022961
50017178	50022961
50022985	50022978
50022980	50022978
50022982	50022978
50017155	50022978
50022904	50022902
50023131	50022902
50023130	50022902
50017158	50022902
50022912	50022906
50022914	50022906
50022916	50022906
50022908	50022906
50022910	50022906
50017157	50022906
50236003	50022906
50022897	50022894
50022898	50022894
50023118	50022894
50023119	50022894
50023168	50022894
50023129	50022894
50023128	50022894
50017165	50022894
50017841	50017159
50017840	50017159
50025149	50017159
50017831	50017159
50017836	50017159
50017837	50017159
50017838	50017159
50017839	50017159
50017832	50017159
50017833	50017159
50017834	50017159
50017835	50017159
50017846	50017153
50017199	50017153
50017198	50017153
50017197	50017153
50017196	50017153
50017195	50017153
50017194	50017153
50017204	50017153
50017202	50017153
50017203	50017153
50017200	50017153
50017201	50017153
50026645	50017164
50026021	50017164
50022895	50017164
50017999	50017164
50017998	50017164
50017997	50017164
50017996	50017164
50024224	50017167
50017990	50017167
50017989	50017167
50080004	50017166
50018002	50017166
50018000	50017166
50018001	50017166
50017980	50017161
50017982	50017161
50068007	50017161
50017979	50017161
50025148	50017161
50018156	50017161
50025672	50017161
50024227	50017161
50024226	50017161
50024228	50017161
50024426	50017161
50017828	50017160
50017829	50017160
50017830	50017160
50017824	50017160
50017825	50017160
50017826	50017160
50017827	50017160
50017813	50017160
50017812	50017160
50017811	50017160
50017810	50017160
50017809	50017160
50017808	50017160
50017823	50017160
50017767	50017160
50017822	50017160
50017766	50017160
50017807	50017160
50026624	50017162
50023064	50017162
50026618	50017162
50017994	50017162
50017993	50017162
50017992	50017162
50026623	50017162
50026621	50017162
50017991	50017162
50017972	50017173
50017964	50017173
50017962	50017173
50023785	50017173
50023784	50017173
50023787	50017173
50023786	50017173
50024127	50017173
50017977	50017175
50017978	50017175
50050194	50017168
50050195	50017168
50026341	50017168
50024206	50017168
50017775	50017168
50017773	50017168
50017772	50017168
50017770	50017168
50017769	50017168
50017768	50017168
50023894	50017168
50023893	50017168
50024225	50017168
50024185	50017168
50017806	50017168
50017804	50017168
50017805	50017168
50017845	50017169
50050198	50017169
50050196	50017169
50050197	50017169
50026086	50017169
50017858	50017169
50017857	50017169
50017844	50017170
50017843	50017170
50017842	50017170
50050437	50017171
50050436	50017171
50104003	50017171
50017933	50017171
50017923	50017171
50017180	50017087
50017181	50017087
50017182	50017087
50017847	50017087
50017847	50017087
50017847	50017087
50017847	50017087
50017847	50017087
50017847	50017087
50017847	50017087
50017847	50017087
50017847	50017087
50022918	50017087
50022918	50017087
50022918	50017087
50022918	50017087
50022918	50017087
50022918	50017087
50022918	50017087
50022918	50017087
50022940	50017087
50022940	50017087
50022940	50017087
50022940	50017087
50022940	50017087
50022940	50017087
50022928	50017087
50022928	50017087
50022928	50017087
50022928	50017087
50022928	50017087
50022928	50017087
50022934	50017087
50022934	50017087
50022934	50017087
50022934	50017087
50022934	50017087
50022934	50017087
50022934	50017087
50022934	50017087
50022956	50017087
50022956	50017087
50022956	50017087
50022946	50017087
50022946	50017087
50022946	50017087
50022946	50017087
50022946	50017087
50017089	50017087
50017090	50017087
50026533	50017087
50017091	50017087
50264001	50017087
50264001	50017087
50264001	50017087
50264001	50017087
50264001	50017087
50264001	50017087
50264001	50017087
50022971	50017087
50022971	50017087
50022971	50017087
50022971	50017087
50022961	50017087
50022961	50017087
50022961	50017087
50022961	50017087
50022961	50017087
50022978	50017087
50022978	50017087
50022978	50017087
50022978	50017087
50012912	50017087
50022902	50017087
50022902	50017087
50022902	50017087
50022902	50017087
50022906	50017087
50022906	50017087
50022906	50017087
50022906	50017087
50022906	50017087
50022906	50017087
50022906	50017087
50022894	50017087
50022894	50017087
50022894	50017087
50022894	50017087
50022894	50017087
50022894	50017087
50022894	50017087
50022894	50017087
50017159	50017087
50017159	50017087
50017159	50017087
50017159	50017087
50017159	50017087
50017159	50017087
50017159	50017087
50017159	50017087
50017159	50017087
50017159	50017087
50017159	50017087
50017159	50017087
50017153	50017087
50017153	50017087
50017153	50017087
50017153	50017087
50017153	50017087
50017153	50017087
50017153	50017087
50017153	50017087
50017153	50017087
50017153	50017087
50017153	50017087
50017153	50017087
50017164	50017087
50017164	50017087
50017164	50017087
50017164	50017087
50017164	50017087
50017164	50017087
50017164	50017087
50017167	50017087
50017167	50017087
50017167	50017087
50017166	50017087
50017166	50017087
50017166	50017087
50017166	50017087
50017161	50017087
50017161	50017087
50017161	50017087
50017161	50017087
50017161	50017087
50017161	50017087
50017161	50017087
50017161	50017087
50017161	50017087
50017161	50017087
50017161	50017087
50017160	50017087
50017160	50017087
50017160	50017087
50017160	50017087
50017160	50017087
50017160	50017087
50017160	50017087
50017160	50017087
50017160	50017087
50017160	50017087
50017160	50017087
50017160	50017087
50017160	50017087
50017160	50017087
50017160	50017087
50017160	50017087
50017160	50017087
50017160	50017087
50017162	50017087
50017162	50017087
50017162	50017087
50017162	50017087
50017162	50017087
50017162	50017087
50017162	50017087
50017162	50017087
50017162	50017087
50017173	50017087
50017173	50017087
50017173	50017087
50017173	50017087
50017173	50017087
50017173	50017087
50017173	50017087
50017173	50017087
50017175	50017087
50017175	50017087
50017168	50017087
50017168	50017087
50017168	50017087
50017168	50017087
50017168	50017087
50017168	50017087
50017168	50017087
50017168	50017087
50017168	50017087
50017168	50017087
50017168	50017087
50017168	50017087
50017168	50017087
50017168	50017087
50017168	50017087
50017168	50017087
50017168	50017087
50017169	50017087
50017169	50017087
50017169	50017087
50017169	50017087
50017169	50017087
50017169	50017087
50017169	50017087
50017170	50017087
50017170	50017087
50017170	50017087
50017171	50017087
50017171	50017087
50017171	50017087
50017171	50017087
50017171	50017087
50017180	50017087
50017181	50017087
50017182	50017087
50017089	50017087
50017090	50017087
50026533	50017087
50017091	50017087
50264001	50017087