50004900
50004901
50004902
50004903
50004896
50004897
50004898
50004899
50004908
333804
50004909
50004910
333801
50004904
50004905
50004906
50004907
50050277
50050279
50050278
50004871
50004878
50004879
50004876
50005169
50004877
50004874
50004875
50004872
50004873
50004887
50004886
50004885
50004884
50004883
50004882
50004881
50004880
50004892
50004890
50004889
50026343
50026348
50026349
50026350
50026351
50026344
50026345
50026346
50026347
50026352
50000074
50000073
50000077
50000194
50050322
50004546
50004481
50004480
50004821
50000104
50004541
50004525
50004522
330209
50004514
50004513
50004751
50004750
50004749
50004748
50004747
50004746
50004745
333403
50004744
50004752
50003127
50000159
333113
333112
333114
333111
333110
50003004
50003006
50003000
50003001
50005552
50003002
50003003
50002997
50000160
333404
333401
333402
50003142
50003140
50003141
50004810
50004809
50004808
50004815
50004813
50004812
50004807
333802
50004827
50004830
50005573
50004831
50005572
50005575
50004829
50005576
50005578
50004833
50004834
50004975
50004977
333204
333202
50003174
50003175
333201
50134001
3342
50004781
50004777
50004776
50004779
50004778
50004773
50004772
50004775
50004774
50004769
50004768
50004771
50004770
50019271
50000150
50000144
50000145
50050256
50000146
50004675
50004676
50004677
50003143
50050255
50050254
50050253
50000143
50050252
50000142
50050251
50050250
50005701
50003604
50000148
50000149
50050260
50050258
50050259
50050257
50000147
50000197
50004678
50004680
50004954
50004681
50004682
50004683
50004684
50004685
50004686
50005370
50004672
50004673
50003137
50004671
50004670
333806
50004668
50004667
50004666
333803
50004629
50004628
50004631
50004630
50004625
50004624
50004627
50004626
50004637
50004636
50004639
50004638
50004633
50004632
50004635
50004634
50004622
50004623
50004640
50050262
3340
50050270
50050268
50050266
50050264
50004826
50004824
50004825
50004818
50004819
50004817
50004822
50004823
50050276
50050273
50050272
50050275
50050274
50004911
50004917
50004916
50004919
50004918
50004913
50004912
50004915
50004914
50004924
3309
50004921
50004920
50004923
50004922
50003155
50004689
50004688
50004691
50004690
50004693
50004692
50004695
50003157
50004694
50004697
50000064
50004699
50000071
50050293
50008878
50004961
50004962
50004963
50004964
50004965
50004966
50004967
50004968
50004868
50004869
50004866
50004867
50004864
50004865
50000192
50002830
50002831
331402
331404
50004856
50004857
50004858
50004859
50004860
50004861
50004862
50002833
50002835
50002834
50002837
50002836
50003146
50004663
50004662
50004661
50004660
50004659
50004664
50004739
50004738
50004736
50004727
50004731
50004730
50004729
50004728
50003129
50004735
50004734
50004733
50004732
50156001
50138007
50136002
50136003
50144002
50142002
50140002
50146003
50134003
50150003
50154003
50004701
50004703
50004702
50000182
50000188
50000184
50007055
50000185
50004706
50004704
50004705
50003173
50010697
50010699
50010700
50010701
50010702
50010703
50010690
50010691
50010693
50010694
50010713
50010712
50010715
50010714
50010705
50010704
50010707
50010706
50010709
50010708
50010711
50010710
50004841
50004840
50004843
50004837
50004836
50004839
333203
50004979
50004978
50004721
50004720
50000178
50000186
50004710
50004711
50004708
50004709
50004714
50004715
50004712
50004713
50004718
50004719
50004716
50004717
50003154
50003152
50003156
50000066
50050306
50050307
50000065
50050308
50000070
50050309
50000068
50000069
50003150
50003148
50003149
333606
50003702
50003211
50005702
50000046
50003131
50004646
50004647
50003119
50004650
50004651
50004648
50004649
50002312
50005894
50003350
50003434
50004930
50004931
50004928
50004929
50004934
50004935
50004932
50004933
50004938
50004939
50004936
50004937
50004942
50004940
50004941
333805
50004927
50004926
50004803
50004802
50004801
50004800
50050328
50004955
50004957
50004753
50004956
50000180
50004782
50004796
50004797
50004798
50004799
50004792
50004793
50004794
50004795
50004790
50004791
50002832
50004850
50004852
50004853
50004854
50004855
50050261
50005420
50005288
50005353
50005529
50005301
50000198
50004959
50004723
50005385
50004724
50005312
50005329
50005274
50005342
50154002
50003153
50004951
50004949
50004952
50003124
50000053
50000052
333002
333004
50000051
50000050
50000067
50003125
50008120
50004845
50008124
50003132
50003135
50008119
50008118
50003130
50000061
50004644
50000062
50004642
50004643
50004641
50050292
50050288
50050289
50050290
50050291
50050285
50050284
50050287
50050286
50050281
50050283
50050282
50005661
330609
330610
330611
50005707
330605
330604
50005579
330607
330606
330601
330603
330602
50002757
50002759
50002758
50002755
50002761
50000163
50000040
50000041
50000042
50000036
50000037
50000038
50000039
50004891
50007035
50007036
50000083
50000082
50000087
50000084
50004523
50004521
50000081
50000080
50007040
50003158
50003163
50003161
50000099
50003160
50003167
50000100
50000101
50003166
50003165
50050323
50050325
50050324
50004560
50004561
50004562
50004563
50004565
50003168
50004553
50004554
50004557
50004556
50004559
50004558
50004547
50004549
50004548
50004551
50004607
50004605
50004612
50004614
50004611
50004616
50004617
50004618
50004619
50004569
50004570
50004571
50004572
50007034
50000102
50004566
50004567
50004587
50004586
50004591
50004579
50004578
50004583
50004581
50004542
50004543
50000105
50007037
50004545
50004544
50004540
50011685
50004538
50004539
50004536
50004537
50004535
50004532
50004533
50004530
50004531
50004529
50004526
50000086
50000085
50007043
50000106
50007042
50008485
50007044
50008484
50004947
50004946
50004602
50004603
50004600
50000096
50000097
50000098
50004598
50004599
50004596
50004597
50000091
50000090
50000089
50000088
50000095
50000094
50000093
50000092
50000079
50004518
50004517
50004516
50004515
50003067
50003068
50003069
50003070
50003071
50003072
50005558
50005559
50005556
50005557
50005554
50005555
50005553
50005566
50005567
50005564
50005562
50005563
50005560
50005568
50005706
50005570
50000151
50000152
50000153
50000154
50005384
50005378
50005713
50005379
50005376
50005377
50005382
50005383
50005380
50005381
50005372
50005373
50005374
50005375
50005371
50050294
50050295
50050304
50050300
50050305
50050301
50050302
50050303
50050296
50050297
50050298
50050299
50000183
50007056
50007057
50007058
50007059
50007060
50007061
50004993
50004992
50004995
50004994
50004987
50004989
50004988
50004991
50004990
50004981
50004980
50004983
50004982
50004985
50004984
50004986
50004657
50004656
50004655
50003121
50004654
50004653
50050338
50050339
50050336
50050337
50050342
50050343
50050340
50050341
50050329
50050331
50050330
50050333
50050332
50050335
50050334
50050316
50050317
50050318
50050319
50004766
50004764
50004765
50004762
50004763
50004760
50004761
50050321
50004758
50050320
50004759
50004756
50004757
50004754
50004755
50004783
50000179
50004784
50004785
50004786
50004787
50005421
50005422
50005423
50008875
50005433
50005432
50005435
50005434
50005437
50005436
50005439
50005438
50005425
50005424
50005427
50005426
50005429
50005428
50005430
50005446
50005447
50005444
50005445
50005442
50005443
50005440
50005441
50000059
50005289
50005291
50005714
50005290
50005292
50005295
50005296
50005297
50005298
50005299
50005300
50005357
50005359
50005355
50005354
50005364
50005365
50005360
50005361
50005362
50000058
50005532
50005533
50005534
50005535
50005530
50005531
50005705
50005543
50005542
50005540
50005539
50005538
50005537
50005536
50005549
50005548
50005547
50005546
50005545
50005544
50005302
50005303
50005304
50005306
50005307
50005308
50005309
50005310
50005311
50000108
50000109
50000112
50005416
50005417
50005418
50005419
50005409
50005410
50005411
50005413
50005415
50005386
50005390
50005391
50005388
50005402
50000060
50005401
50005400
50005407
50005406
50005405
50005404
50005395
50005394
50005393
50005392
50005399
50005396
50005319
50005318
50005316
50005315
50005314
50005313
50005327
50005326
50005325
50005322
50000057
50005328
50005332
50005333
50005330
50005331
50005340
50005341
50005338
50005339
50005337
50005281
50005280
50005282
50005285
50005284
50005703
50005278
50005279
50005277
50005348
50005350
50005345
50005344
50005347
50005346
50005352
50005704
50005343
50003126
50004847
50004846
50004848
50008137
50008138
50008132
50008133
50008134
50008128
50008131
50008123
50008122
50008121
50008127
50008126
50003123
50008125
50005662
50005673
50005670
50005668
50005669
50005666
50005667
50005664
50005665
330608
50005653
50005654
50005649
50005651
50005650
50005644
50005645
50005646
50005647
50002955
50005640
50005641
50005642
50005643
50005636
50005637
50005638
50005639
50005635
50002985
50002984
50002981
50002983
50002982
50005584
50005585
50005587
50005588
50005589
50005590
50005581
50005583
50005582
50002942
50002941
50002939
50002938
50002937
50002936
50002773
50002964
50002965
50002963
50005709
50005697
50005698
50005695
50005694
50005693
50005691
50005690
50005689
50005687
50005686
50005685
50005684
50005708
50002954
50002953
50002952
50002950
50002949
50002948
50002947
50005632
50002946
50005633
50005618
50005619
50005616
50005622
50005623
50005620
50005621
50005626
50005627
50005624
50005630
50005631
50005628
50005629
50005603
50005602
50005607
50005606
50005605
50002771
50005604
50005611
50005609
50005614
50000170
50005613
50000169
50005612
50000168
50005593
50005595
50005711
50005683
50002993
50005682
50005681
50002989
50005678
50002988
50005679
50002991
50002990
50005674
50002987
50005657
50005656
50005659
50002943
50002945
50002944
50002966
50002967
50002972
50002973
50002970
50002971
50002968
50002969
50002962
50002960
50002961
50002959
50002957
50005710
50002974
50002975
50002980
50002977
50002976
50002979
50002978
50003064
50003066
50003056
50003057
50003062
50003063
50000167
50002774
50000165
50000164
50003055
33
3338
50004870
50026342
50000072
50013002
50004743
3331
50132001
50005715
3334
50004806
3332
50004767
50004674
50000141
50004620
50004621
50004816
50004893
50004687
50004960
3314
50004658
50004725
50138006
50000177
50010485
50010689
50004835
50001378
50004707
50000063
50004645
50001965
50004925
50004788
50004849
50000054
50000049
50003112
50050280
3306
50011016